50
5 6 3 0 2 4 1 8 7 9 10 11 12 13 14 15 16 17 18 20 19 21 22 23 24 26 25 27 28 29 30 31 32 33 34 35 36 37 38 39 40 41 42 43 45 44 46 47 48 49 
4 1 6 7 3 8 2 0 5 9 10 11 12 13 14 15 16 17 18 20 19 21 22 23 24 26 25 27 28 29 30 31 32 33 34 35 36 37 38 39 40 41 42 43 45 44 46 47 48 49
8 4 6 2 0 5 1 7 3 9 10 11 13 12 14 15 16 17 18 20 19 21 22 23 24 26 25 27 28 29 30 31 32 33 34 35 36 37 38 39 40 41 42 43 45 44 46 47 48 49
5 2 8 6 1 3 7 4 0 9 10 11 13 12 14 15 16 17 18 20 19 21 22 23 24 26 25 27 28 29 30 31 32 33 34 35 36 37 38 39 40 41 42 43 45 44 46 47 48 49
6 5 2 7 8 0 4 3 1 9 10 11 12 13 14 15 16 17 18 20 19 21 22 23 24 26 25 27 28 29 30 31 32 33 34 35 36 37 38 39 40 41 42 43 45 44 46 47 48 49
1 8 5 3 7 6 0 4 2 9 10 11 12 13 14 15 16 17 18 20 19 21 22 23 24 26 25 27 28 29 30 31 32 33 34 35 36 37 38 39 40 41 42 43 45 44 46 47 48 49
8 4 7 5 1 0 2 3 6 9 10 11 12 13 14 15 16 17 18 20 19 21 22 23 24 26 25 27 28 29 30 31 32 33 34 35 36 37 38 39 40 41 42 43 45 44 46 47 48 49
2 6 0 5 7 3 1 8 4 9 10 11 12 13 14 15 16 17 18 20 19 21 22 23 24 26 25 27 28 29 30 31 32 33 34 35 36 37 38 39 40 41 42 43 45 44 46 47 48 49
1 4 6 2 3 7 5 0 8 9 10 11 12 13 14 15 16 17 18 20 19 21 22 23 24 26 25 27 28 29 30 31 32 33 34 35 36 37 38 39 40 41 42 43 45 44 46 47 48 49
4 1 6 3 7 8 2 0 5 9 10 11 12 13 14 15 16 17 18 20 19 21 22 23 24 26 25 27 28 29 30 31 32 33 34 35 36 37 38 39 40 41 42 43 45 44 46 47 48 49
7 0 2 4 8 5 3 1 6 9 10 11 12 13 14 15 16 17 18 20 19 21 22 23 24 26 25 27 28 29 30 31 32 33 34 35 36 37 38 39 40 41 42 43 45 44 46 47 48 49
5 7 8 3 2 1 4 0 6 9 10 11 12 13 14 15 16 17 18 20 19 21 22 23 24 26 25 27 28 29 30 31 32 33 34 35 36 37 38 39 40 41 42 43 45 44 46 47 48 49
7 0 2 4 8 5 3 1 6 9 10 11 12 13 14 15 16 17 18 20 19 21 22 23 24 26 25 27 28 29 30 31 32 33 34 35 36 37 38 39 40 41 42 43 45 44 46 47 48 49
3 0 7 5 2 6 8 1 4 9 10 11 13 12 14 15 16 17 18 20 19 21 22 23 24 26 25 27 28 29 30 31 32 33 34 35 36 37 38 39 40 41 42 43 45 44 46 47 48 49
4 3 0 2 5 8 7 1 6 9 10 11 13 12 14 15 16 17 18 20 19 21 22 23 24 26 25 27 28 29 30 31 32 33 34 35 36 37 38 39 40 41 42 43 45 44 46 47 48 49
5 7 8 3 2 1 4 0 6 9 10 11 12 13 14 15 16 17 18 20 19 21 22 23 24 26 25 27 28 29 30 31 32 33 34 35 36 37 38 39 40 41 42 43 45 44 46 47 48 49
7 0 2 4 8 5 3 1 6 9 10 11 12 13 14 15 16 17 18 20 19 21 22 23 24 26 25 27 28 29 30 31 32 33 34 35 36 37 38 39 40 41 42 43 45 44 46 47 48 49
3 0 7 5 2 6 8 1 4 9 10 11 13 12 14 15 16 17 18 20 19 21 22 23 24 26 25 27 28 29 30 31 32 33 34 35 36 37 38 39 40 41 42 43 45 44 46 47 48 49
4 3 0 2 5 8 7 1 6 9 10 11 13 12 14 15 16 17 18 20 19 21 22 23 24 26 25 27 28 29 30 31 32 33 34 35 36 37 38 39 40 41 42 43 45 44 46 47 48 49
1 5 4 6 2 7 3 8 0 9 10 11 12 13 14 15 16 17 18 20 19 21 22 23 24 26 25 27 28 29 30 31 32 33 34 35 36 37 38 39 40 41 42 43 45 44 46 47 48 49
4 3 5 7 2 1 0 6 8 9 10 11 12 13 14 15 16 17 18 20 19 21 22 23 24 26 25 27 28 29 30 31 32 33 34 35 36 37 38 39 40 41 42 43 45 44 46 47 48 49
0 8 1 6 7 3 4 5 2 9 10 11 13 12 14 15 16 17 18 20 19 21 22 23 24 26 25 27 28 29 30 31 32 33 34 35 36 37 38 39 40 41 42 43 45 44 46 47 48 49
3 2 0 6 7 4 1 8 5 9 10 11 13 12 14 15 16 17 18 20 19 21 22 23 24 26 25 27 28 29 30 31 32 33 34 35 36 37 38 39 40 41 42 43 45 44 46 47 48 49
6 3 0 5 8 4 2 1 7 9 10 11 12 13 14 15 16 17 18 20 19 21 22 23 24 26 25 27 28 29 30 31 32 33 34 35 36 37 38 39 40 41 42 43 45 44 46 47 48 49
4 1 6 3 7 8 2 0 5 9 10 11 12 13 14 15 16 17 18 20 19 21 22 23 24 26 25 27 28 29 30 31 32 33 34 35 36 37 38 39 40 41 42 43 45 44 46 47 48 49
1 8 5 3 7 6 0 4 2 9 10 11 12 13 14 15 16 17 18 20 19 21 22 23 24 26 25 27 28 29 30 31 32 33 34 35 36 37 38 39 40 41 42 43 45 44 46 47 48 49
5 7 8 3 2 1 4 0 6 9 10 11 12 13 14 15 16 17 18 20 19 21 22 23 24 26 25 27 28 29 30 31 32 33 34 35 36 37 38 39 40 41 42 43 45 44 46 47 48 49
7 0 2 4 8 5 3 1 6 9 10 11 12 13 14 15 16 17 18 20 19 21 22 23 24 26 25 27 28 29 30 31 32 33 34 35 36 37 38 39 40 41 42 43 45 44 46 47 48 49
3 0 7 5 2 6 8 1 4 9 10 11 13 12 14 15 16 17 18 20 19 21 22 23 24 26 25 27 28 29 30 31 32 33 34 35 36 37 38 39 40 41 42 43 45 44 46 47 48 49
4 3 0 2 5 8 7 1 6 9 10 11 13 12 14 15 16 17 18 20 19 21 22 23 24 26 25 27 28 29 30 31 32 33 34 35 36 37 38 39 40 41 42 43 45 44 46 47 48 49
5 7 8 3 2 1 4 0 6 9 10 11 12 13 14 15 16 17 18 20 19 21 22 23 24 26 25 27 28 29 30 31 32 33 34 35 36 37 38 39 40 41 42 43 45 44 46 47 48 49
7 0 2 4 8 5 3 1 6 9 10 11 12 13 14 15 16 17 18 20 19 21 22 23 24 26 25 27 28 29 30 31 32 33 34 35 36 37 38 39 40 41 42 43 45 44 46 47 48 49
3 0 7 5 2 6 8 1 4 9 10 11 13 12 14 15 16 17 18 20 19 21 22 23 24 26 25 27 28 29 30 31 32 33 34 35 36 37 38 39 40 41 42 43 45 44 46 47 48 49
4 3 0 2 5 8 7 1 6 9 10 11 13 12 14 15 16 17 18 20 19 21 22 23 24 26 25 27 28 29 30 31 32 33 34 35 36 37 38 39 40 41 42 43 45 44 46 47 48 49
1 5 4 6 2 7 3 8 0 9 10 11 12 13 14 15 16 17 18 20 19 21 22 23 24 26 25 27 28 29 30 31 32 33 34 35 36 37 38 39 40 41 42 43 45 44 46 47 48 49
4 3 5 7 2 1 0 6 8 9 10 11 12 13 14 15 16 17 18 20 19 21 22 23 24 26 25 27 28 29 30 31 32 33 34 35 36 37 38 39 40 41 42 43 45 44 46 47 48 49
0 8 1 6 7 3 4 5 2 9 10 11 13 12 14 15 16 17 18 20 19 21 22 23 24 26 25 27 28 29 30 31 32 33 34 35 36 37 38 39 40 41 42 43 45 44 46 47 48 49
3 2 0 6 7 4 1 8 5 9 10 11 13 12 14 15 16 17 18 20 19 21 22 23 24 26 25 27 28 29 30 31 32 33 34 35 36 37 38 39 40 41 42 43 45 44 46 47 48 49
6 3 0 5 8 4 2 1 7 9 10 11 12 13 14 15 16 17 18 20 19 21 22 23 24 26 25 27 28 29 30 31 32 33 34 35 36 37 38 39 40 41 42 43 45 44 46 47 48 49
4 1 6 3 7 8 2 0 5 9 10 11 12 13 14 15 16 17 18 20 19 21 22 23 24 26 25 27 28 29 30 31 32 33 34 35 36 37 38 39 40 41 42 43 45 44 46 47 48 49
1 8 5 3 7 6 0 4 2 9 10 11 12 13 14 15 16 17 18 20 19 21 22 23 24 26 25 27 28 29 30 31 32 33 34 35 36 37 38 39 40 41 42 43 45 44 46 47 48 49
5 7 8 3 2 1 4 0 6 9 10 11 12 13 14 15 16 17 18 20 19 21 22 23 24 26 25 27 28 29 30 31 32 33 34 35 36 37 38 39 40 41 42 43 45 44 46 47 48 49
7 0 2 4 8 5 3 1 6 9 10 11 12 13 14 15 16 17 18 20 19 21 22 23 24 26 25 27 28 29 30 31 32 33 34 35 36 37 38 39 40 41 42 43 45 44 46 47 48 49
3 0 7 5 2 6 8 1 4 9 10 11 13 12 14 15 16 17 18 20 19 21 22 23 24 26 25 27 28 29 30 31 32 33 34 35 36 37 38 39 40 41 42 43 45 44 46 47 48 49
4 3 0 2 5 8 7 1 6 9 10 11 13 12 14 15 16 17 18 20 19 21 22 23 24 26 25 27 28 29 30 31 32 33 34 35 36 37 38 39 40 41 42 43 45 44 46 47 48 49
5 7 8 3 2 1 4 0 6 9 10 11 12 13 14 15 16 17 18 20 19 21 22 23 24 26 25 27 28 29 30 31 32 33 34 35 36 37 38 39 40 41 42 43 45 44 46 47 48 49
7 0 2 4 8 5 3 1 6 9 10 11 12 13 14 15 16 17 18 20 19 21 22 23 24 26 25 27 28 29 30 31 32 33 34 35 36 37 38 39 40 41 42 43 45 44 46 47 48 49
3 0 7 5 2 6 8 1 4 9 10 11 13 12 14 15 16 17 18 20 19 21 22 23 24 26 25 27 28 29 30 31 32 33 34 35 36 37 38 39 40 41 42 43 45 44 46 47 48 49
4 3 0 2 5 8 7 1 6 9 10 11 13 12 14 15 16 17 18 20 19 21 22 23 24 26 25 27 28 29 30 31 32 33 34 35 36 37 38 39 40 41 42 43 45 44 46 47 48 49
1 5 4 6 2 7 3 8 0 9 10 11 12 13 14 15 16 17 18 20 19 21 22 23 24 26 25 27 28 29 30 31 32 33 34 35 36 37 38 39 40 41 42 43 45 44 46 47 48 49

5 7 8 3 2 1 4 0 6 9 10 11 12 13 14 15 16 17 18 20 19 21 22 23 24 26 25 27 28 29 30 31 32 33 34 35 36 37 38 39 40 41 42 43 45 44 46 47 48 49
7 0 2 4 8 5 3 1 6 9 10 11 12 13 14 15 16 17 18 20 19 21 22 23 24 26 25 27 28 29 30 31 32 33 34 35 36 37 38 39 40 41 42 43 45 44 46 47 48 49
3 0 7 5 2 6 8 1 4 9 10 11 13 12 14 15 16 17 18 20 19 21 22 23 24 26 25 27 28 29 30 31 32 33 34 35 36 37 38 39 40 41 42 43 45 44 46 47 48 49
4 3 0 2 5 8 7 1 6 9 10 11 13 12 14 15 16 17 18 20 19 21 22 23 24 26 25 27 28 29 30 31 32 33 34 35 36 37 38 39 40 41 42 43 45 44 46 47 48 49
1 5 4 6 2 7 3 8 0 9 10 11 12 13 14 15 16 17 18 20 19 21 22 23 24 26 25 27 28 29 30 31 32 33 34 35 36 37 38 39 40 41 42 43 45 44 46 47 48 49
4 3 5 7 2 1 0 6 8 9 10 11 12 13 14 15 16 17 18 20 19 21 22 23 24 26 25 27 28 29 30 31 32 33 34 35 36 37 38 39 40 41 42 43 45 44 46 47 48 49
0 8 1 6 7 3 4 5 2 9 10 11 13 12 14 15 16 17 18 20 19 21 22 23 24 26 25 27 28 29 30 31 32 33 34 35 36 37 38 39 40 41 42 43 45 44 46 47 48 49
3 2 0 6 7 4 1 8 5 9 10 11 13 12 14 15 16 17 18 20 19 21 22 23 24 26 25 27 28 29 30 31 32 33 34 35 36 37 38 39 40 41 42 43 45 44 46 47 48 49
6 3 0 5 8 4 2 1 7 9 10 11 12 13 14 15 16 17 18 20 19 21 22 23 24 26 25 27 28 29 30 31 32 33 34 35 36 37 38 39 40 41 42 43 45 44 46 47 48 49
4 1 6 3 7 8 2 0 5 9 10 11 12 13 14 15 16 17 18 20 19 21 22 23 24 26 25 27 28 29 30 31 32 33 34 35 36 37 38 39 40 41 42 43 45 44 46 47 48 49
1 8 5 3 7 6 0 4 2 9 10 11 12 13 14 15 16 17 18 20 19 21 22 23 24 26 25 27 28 29 30 31 32 33 34 35 36 37 38 39 40 41 42 43 45 44 46 47 48 49
5 7 8 3 2 1 4 0 6 9 10 11 12 13 14 15 16 17 18 20 19 21 22 23 24 26 25 27 28 29 30 31 32 33 34 35 36 37 38 39 40 41 42 43 45 44 46 47 48 49
7 0 2 4 8 5 3 1 6 9 10 11 12 13 14 15 16 17 18 20 19 21 22 23 24 26 25 27 28 29 30 31 32 33 34 35 36 37 38 39 40 41 42 43 45 44 46 47 48 49
3 0 7 5 2 6 8 1 4 9 10 11 13 12 14 15 16 17 18 20 19 21 22 23 24 26 25 27 28 29 30 31 32 33 34 35 36 37 38 39 40 41 42 43 45 44 46 47 48 49
4 3 0 2 5 8 7 1 6 9 10 11 13 12 14 15 16 17 18 20 19 21 22 23 24 26 25 27 28 29 30 31 32 33 34 35 36 37 38 39 40 41 42 43 45 44 46 47 48 49
5 6 3 0 2 4 1 8 7 9 10 11 12 13 14 15 16 17 18 20 19 21 22 23 24 26 25 27 28 29 30 31 32 33 34 35 36 37 38 39 40 41 42 43 45 44 46 47 48 49 
4 1 6 7 3 8 2 0 5 9 10 11 12 13 14 15 16 17 18 20 19 21 22 23 24 26 25 27 28 29 30 31 32 33 34 35 36 37 38 39 40 41 42 43 45 44 46 47 48 49
8 4 6 2 0 5 1 7 3 9 10 11 13 12 14 15 16 17 18 20 19 21 22 23 24 26 25 27 28 29 30 31 32 33 34 35 36 37 38 39 40 41 42 43 45 44 46 47 48 49
5 2 8 6 1 3 7 4 0 9 10 11 13 12 14 15 16 17 18 20 19 21 22 23 24 26 25 27 28 29 30 31 32 33 34 35 36 37 38 39 40 41 42 43 45 44 46 47 48 49
6 5 2 7 8 0 4 3 1 9 10 11 12 13 14 15 16 17 18 20 19 21 22 23 24 26 25 27 28 29 30 31 32 33 34 35 36 37 38 39 40 41 42 43 45 44 46 47 48 49
1 8 5 3 7 6 0 4 2 9 10 11 12 13 14 15 16 17 18 20 19 21 22 23 24 26 25 27 28 29 30 31 32 33 34 35 36 37 38 39 40 41 42 43 45 44 46 47 48 49
8 4 7 5 1 0 2 3 6 9 10 11 12 13 14 15 16 17 18 20 19 21 22 23 24 26 25 27 28 29 30 31 32 33 34 35 36 37 38 39 40 41 42 43 45 44 46 47 48 49
2 6 0 5 7 3 1 8 4 9 10 11 12 13 14 15 16 17 18 20 19 21 22 23 24 26 25 27 28 29 30 31 32 33 34 35 36 37 38 39 40 41 42 43 45 44 46 47 48 49
1 4 6 2 3 7 5 0 8 9 10 11 12 13 14 15 16 17 18 20 19 21 22 23 24 26 25 27 28 29 30 31 32 33 34 35 36 37 38 39 40 41 42 43 45 44 46 47 48 49
4 1 6 3 7 8 2 0 5 9 10 11 12 13 14 15 16 17 18 20 19 21 22 23 24 26 25 27 28 29 30 31 32 33 34 35 36 37 38 39 40 41 42 43 45 44 46 47 48 49
1 4 6 2 3 7 5 0 8 9 10 11 12 13 14 15 16 17 18 20 19 21 22 23 24 26 25 27 28 29 30 31 32 33 34 35 36 37 38 39 40 41 42 43 45 44 46 47 48 49
4 1 6 3 7 8 2 0 5 9 10 11 12 13 14 15 16 17 18 20 19 21 22 23 24 26 25 27 28 29 30 31 32 33 34 35 36 37 38 39 40 41 42 43 45 44 46 47 48 49
7 0 2 4 8 5 3 1 6 9 10 11 12 13 14 15 16 17 18 20 19 21 22 23 24 26 25 27 28 29 30 31 32 33 34 35 36 37 38 39 40 41 42 43 45 44 46 47 48 49
5 7 8 3 2 1 4 0 6 9 10 11 12 13 14 15 16 17 18 20 19 21 22 23 24 26 25 27 28 29 30 31 32 33 34 35 36 37 38 39 40 41 42 43 45 44 46 47 48 49
7 0 2 4 8 5 3 1 6 9 10 11 12 13 14 15 16 17 18 20 19 21 22 23 24 26 25 27 28 29 30 31 32 33 34 35 36 37 38 39 40 41 42 43 45 44 46 47 48 49
3 0 7 5 2 6 8 1 4 9 10 11 13 12 14 15 16 17 18 20 19 21 22 23 24 26 25 27 28 29 30 31 32 33 34 35 36 37 38 39 40 41 42 43 45 44 46 47 48 49
4 3 0 2 5 8 7 1 6 9 10 11 13 12 14 15 16 17 18 20 19 21 22 23 24 26 25 27 28 29 30 31 32 33 34 35 36 37 38 39 40 41 42 43 45 44 46 47 48 49
5 7 8 3 2 1 4 0 6 9 10 11 12 13 14 15 16 17 18 20 19 21 22 23 24 26 25 27 28 29 30 31 32 33 34 35 36 37 38 39 40 41 42 43 45 44 46 47 48 49
7 0 2 4 8 5 3 1 6 9 10 11 12 13 14 15 16 17 18 20 19 21 22 23 24 26 25 27 28 29 30 31 32 33 34 35 36 37 38 39 40 41 42 43 45 44 46 47 48 49
3 0 7 5 2 6 8 1 4 9 10 11 13 12 14 15 16 17 18 20 19 21 22 23 24 26 25 27 28 29 30 31 32 33 34 35 36 37 38 39 40 41 42 43 45 44 46 47 48 49
4 3 0 2 5 8 7 1 6 9 10 11 13 12 14 15 16 17 18 20 19 21 22 23 24 26 25 27 28 29 30 31 32 33 34 35 36 37 38 39 40 41 42 43 45 44 46 47 48 49
1 5 4 6 2 7 3 8 0 9 10 11 12 13 14 15 16 17 18 20 19 21 22 23 24 26 25 27 28 29 30 31 32 33 34 35 36 37 38 39 40 41 42 43 45 44 46 47 48 49
4 3 5 7 2 1 0 6 8 9 10 11 12 13 14 15 16 17 18 20 19 21 22 23 24 26 25 27 28 29 30 31 32 33 34 35 36 37 38 39 40 41 42 43 45 44 46 47 48 49
0 8 1 6 7 3 4 5 2 9 10 11 13 12 14 15 16 17 18 20 19 21 22 23 24 26 25 27 28 29 30 31 32 33 34 35 36 37 38 39 40 41 42 43 45 44 46 47 48 49
3 2 0 6 7 4 1 8 5 9 10 11 13 12 14 15 16 17 18 20 19 21 22 23 24 26 25 27 28 29 30 31 32 33 34 35 36 37 38 39 40 41 42 43 45 44 46 47 48 49
6 3 0 5 8 4 2 1 7 9 10 11 12 13 14 15 16 17 18 20 19 21 22 23 24 26 25 27 28 29 30 31 32 33 34 35 36 37 38 39 40 41 42 43 45 44 46 47 48 49
4 1 6 3 7 8 2 0 5 9 10 11 12 13 14 15 16 17 18 20 19 21 22 23 24 26 25 27 28 29 30 31 32 33 34 35 36 37 38 39 40 41 42 43 45 44 46 47 48 49
1 8 5 3 7 6 0 4 2 9 10 11 12 13 14 15 16 17 18 20 19 21 22 23 24 26 25 27 28 29 30 31 32 33 34 35 36 37 38 39 40 41 42 43 45 44 46 47 48 49
5 7 8 3 2 1 4 0 6 9 10 11 12 13 14 15 16 17 18 20 19 21 22 23 24 26 25 27 28 29 30 31 32 33 34 35 36 37 38 39 40 41 42 43 45 44 46 47 48 49
7 0 2 4 8 5 3 1 6 9 10 11 12 13 14 15 16 17 18 20 19 21 22 23 24 26 25 27 28 29 30 31 32 33 34 35 36 37 38 39 40 41 42 43 45 44 46 47 48 49
3 0 7 5 2 6 8 1 4 9 10 11 13 12 14 15 16 17 18 20 19 21 22 23 24 26 25 27 28 29 30 31 32 33 34 35 36 37 38 39 40 41 42 43 45 44 46 47 48 49
4 3 0 2 5 8 7 1 6 9 10 11 13 12 14 15 16 17 18 20 19 21 22 23 24 26 25 27 28 29 30 31 32 33 34 35 36 37 38 39 40 41 42 43 45 44 46 47 48 49
5 7 8 3 2 1 4 0 6 9 10 11 12 13 14 15 16 17 18 20 19 21 22 23 24 26 25 27 28 29 30 31 32 33 34 35 36 37 38 39 40 41 42 43 45 44 46 47 48 49
7 0 2 4 8 5 3 1 6 9 10 11 12 13 14 15 16 17 18 20 19 21 22 23 24 26 25 27 28 29 30 31 32 33 34 35 36 37 38 39 40 41 42 43 45 44 46 47 48 49
3 0 7 5 2 6 8 1 4 9 10 11 13 12 14 15 16 17 18 20 19 21 22 23 24 26 25 27 28 29 30 31 32 33 34 35 36 37 38 39 40 41 42 43 45 44 46 47 48 49
